W-01 01 04 2010 01 10 2010
W-02 01 11 2010 01 17 2010
W-03 01 18 2010 01 24 2010
W-04 01 25 2010 01 31 2010
W-05 02 01 2010 02 07 2010
W-06 02 08 2010 02 14 2010
W-07 02 15 2010 02 21 2010
W-08 02 22 2010 02 28 2010
W-09 03 01 2010 03 07 2010
W-10 03 08 2010 03 14 2010
W-11 03 15 2010 03 21 2010
W-12 03 22 2010 03 28 2010
W-13 03 29 2010 04 04 2010
W-14 04 05 2010 04 11 2010
W-15 04 12 2010 04 18 2010
W-16 04 19 2010 04 25 2010
W-17 04 26 2010 05 02 2010
W-18 05 03 2010 05 09 2010
W-19 05 10 2010 05 16 2010
W-20 05 17 2010 05 23 2010
W-21 05 24 2010 05 30 2010
W-22 05 31 2010 06 06 2010
W-23 06 07 2010 06 13 2010
W-24 06 14 2010 06 20 2010
W-25 06 21 2010 06 27 2010
W-26 06 28 2010 07 04 2010
W-27 07 05 2010 07 11 2010
W-28 07 12 2010 07 18 2010
W-29 07 19 2010 07 25 2010
W-30 07 26 2010 08 01 2010
W-31 08 02 2010 08 08 2010
W-32 08 09 2010 08 15 2010
W-33 08 16 2010 08 22 2010
W-34 08 23 2010 08 29 2010
W-35 08 30 2010 09 05 2010
W-36 09 06 2010 09 12 2010
W-37 09 13 2010 09 19 2010
W-38 09 20 2010 09 26 2010
W-39 09 27 2010 10 03 2010
W-40 10 04 2010 10 10 2010
W-41 10 11 2010 10 17 2010
W-42 10 18 2010 10 24 2010
W-43 10 25 2010 10 31 2010
W-44 11 01 2010 11 07 2010
W-45 11 08 2010 11 14 2010
W-46 11 15 2010 11 21 2010
W-47 11 22 2010 11 28 2010
W-48 11 29 2010 12 05 2010
W-49 12 06 2010 12 12 2010
W-50 12 13 2010 12 19 2010
W-51 12 20 2010 12 26 2010
W-52 12 27 2010 01 02 2011
